%YAML:1.0
---
K: !!opencv-matrix
   rows: 3
   cols: 3
   dt: d
   data: [ 140.93113974755371, 0., -72.2913719331876, 0.,
       427.3297408576219, 347.301046897049, 0., 0., 1. ]
D: !!opencv-matrix
   rows: 1
   cols: 5
   dt: d
   data: [ -0.39185480706867465, 0.02807232456062069,
       -0.01223891628542106, 0.1768704034189019,
       -0.0007830419701181841 ]